0 0.8426990091120887 0.28425297576811187 0.03508423212469545 0.08782950016556686
0 0.8752680519523205 0.29524568445832916 0.044670097004422975 0.11541259648209908
0 0.7644838564949503 0.2840647802395989 0.02952908063104616 0.09071681567681358
0 0.7931266785815652 0.2835013947527142 0.04540156460654217 0.12207478890229195
0 0.27677642490952953 0.28108884951749097 0.022919179734620033 0.07478890229191792
0 0.3233385479493366 0.28060634047044636 0.022919179734619988 0.0646562123039807
1 0.7586220220144754 0.28371249246079616 0.29240048250904715 0.11875753920386006
0 0.2993992987883602 0.28367822326834846 0.020615850198770904 0.06169682902563918
1 0.23084563170480765 0.29623109779571277 0.05046008259362931 0.07592102397426395
0 0.19914986257748218 0.29710719254977375 0.03129881821113345 0.08734592927778909
