0 0.8467550472013292 0.2856471436395729 0.03541138183258834 0.09108964963397906
0 0.882959174158904 0.29551354136044095 0.04522667380180856 0.11671127567599884
0 0.7687388205432958 0.28480876292012586 0.029975283237541103 0.09047683986139694
0 0.7988121503878993 0.28350139475271424 0.04562157040138126 0.12464817048653001
0 0.2746051341978287 0.28108884951749097 0.022919179734620033 0.07478890229191792
0 0.3213481981302775 0.2807872813630881 0.022919179734619988 0.06513872135102537
1 0.7619392717129072 0.28350139475271413 0.29794933655006056 0.120627261761158
0 0.2973797878092843 0.28338065662030804 0.02079457803927558 0.06151990349819059
1 0.22622800633195894 0.2967589727722772 0.05152779484213554 0.07699566831683169
0 0.1936477405279733 0.29596139809434807 0.03130952985226139 0.08766563668203374
