0 0.8325589138889875 0.28076755608945936 0.03426635785496348 0.07967912649453633
0 0.8560402464358621 0.29457604220304967 0.043278655010959004 0.11216589849734962
0 0.7538464463740865 0.28220482353828147 0.028413574114808784 0.09131675521535519
0 0.7793818959693346 0.28350139475271413 0.0439137563122352 0.11564133494169684
0 0.28220465168878167 0.28108884951749097 0.022919179734620033 0.07478890229191792
0 0.32831442249698434 0.28015398823884197 0.022919179734619988 0.06344993968636913
1 0.7503288977683957 0.28424023673100124 0.27852834740651405 0.11408323281061522
0 0.30427927428510615 0.2843901105054563 0.02050663449939685 0.06220320161024691
1 0.242497260182559 0.29489067214864795 0.048126956789785916 0.07364307078244448
0 0.21234926836132054 0.29941577934840385 0.031272039108313644 0.08654666076717749
