0 0.836614951978228 0.2821617239609204 0.034593507562856195 0.08293927596294855
0 0.8637313686424455 0.29484389910516146 0.04383523180834459 0.11346457769124939
0 0.758101410422432 0.28294880621880847 0.028859776721303732 0.09107677939993852
0 0.7847994266878946 0.2835013947527142 0.04466964428262239 0.1182147165259349
0 0.2800333609770808 0.28108884951749097 0.022919179734620033 0.07478890229191792
0 0.32632407267792524 0.2803349291314838 0.022919179734619988 0.06393244873341378
1 0.7536461474668275 0.2840291390229192 0.2840772014475272 0.11595295536791315
0 0.3023491272262826 0.28410446176736687 0.02050663449939685 0.06200244026289643
1 0.2378181690693505 0.29543039752844313 0.04900258057119378 0.0744841964595266
0 0.20716480307748816 0.29858764165865476 0.031282750749441555 0.08686636817142213
