0 0.844727028156709 0.28495005970384235 0.035247806978641986 0.08945957489977295
0 0.8791136130556123 0.295379612909385 0.04494838540311577 0.11606193607904897
0 0.766611338519123 0.2844367715798624 0.02975218193429363 0.09059682776910526
0 0.7959560174303435 0.28350139475271424 0.04553836161273903 0.12336147969441101
0 0.2756907795536791 0.28108884951749097 0.022919179734620033 0.07478890229191792
0 0.32234337303980704 0.2806968109167672 0.022919179734619988 0.06489746682750304
1 0.7602806468636913 0.28360694360675515 0.295174909529554 0.11969240048250902
0 0.29839284664846594 0.2835367396641732 0.02069860741973586 0.06159376682222498
1 0.2285337457313653 0.2964956278041565 0.050984334294527534 0.07644667021227353
0 0.19641468439101156 0.29655017816034474 0.031304174031697406 0.08750578297991139
