0 0.830530894844367 0.2800704721537288 0.03410278300101712 0.07804905176033024
0 0.8521946853325704 0.2944421137519938 0.043000366612266167 0.11151655890039974
0 0.7517189643499137 0.281832832198018 0.02819047281156131 0.09143674312306348
0 0.7767133217732205 0.28350139475271413 0.04345543000070942 0.11435464414957784
0 0.28329029704463204 0.28108884951749097 0.022919179734620033 0.07478890229191792
0 0.3293095974065139 0.28006351779252114 0.022919179734619988 0.06320868516284683
1 0.7486702729191799 0.28434578558504225 0.27575392038600743 0.11314837153196625
0 0.3052443478145178 0.28453338179612425 0.02050663449939685 0.062302688440675796
1 0.24484602560021723 0.29461903189826577 0.04771795816914675 0.07325753574372632
0 0.21489385248838522 0.29978219967842684 0.03126668328774969 0.08638680706505518
