0 0.8403003877439903 0.2820686337829063 0.035661861917705553 0.08322490933241054
0 0.8714224908490289 0.2951117560072733 0.04439180860573018 0.1147632568851492
0 0.7623563744707775 0.28369278889933547 0.029305979327798683 0.09083680358452191
0 0.7903241338415642 0.28350139475271424 0.04521117938279034 0.12078809811017295
0 0.27786207026537996 0.28108884951749097 0.022919179734620033 0.07478890229191792
0 0.3243337228588661 0.2805158700241255 0.022919179734619988 0.06441495778045839
1 0.7569633971652595 0.2838180413148372 0.2896260554885406 0.11782267792521109
0 0.3003991442289672 0.2838200048202725 0.02054630637638053 0.06179929533355582
1 0.23316366425228596 0.29596538274694595 0.04995503973944096 0.07541872960280292
0 0.20185327508738515 0.29763244126263505 0.031293462390569494 0.08718607557566678
