0 0.8345869329336075 0.28146464002518984 0.03442993270890984 0.08130920122874247
0 0.8598858075391537 0.2947099706541056 0.0435569434096518 0.11281523809429955
0 0.7559739283982592 0.28257681487854497 0.028636675418056257 0.09119676730764686
0 0.7820772642742259 0.28350139475271413 0.04431849440620628 0.11692802573381585
0 0.28111900633293124 0.28108884951749097 0.022919179734620033 0.07478890229191792
0 0.3273192475874548 0.2802444586851629 0.022919179734619988 0.06369119420989144
1 0.7519875226176116 0.2841346878769602 0.2813027744270206 0.11501809408926418
0 0.3033142007556944 0.2842471371625372 0.02050663449939685 0.062103118884320456
1 0.24015464133893674 0.2951611273587071 0.04855516425713491 0.07405195768771126
0 0.2097729185576882 0.29901759334181316 0.0312773949288776 0.08670651446929983
