0 0.8386429710228482 0.2828588078966509 0.03475708241680273 0.08456935069715464
0 0.8675769297457372 0.2949778275562174 0.044113520207037384 0.1141139172881993
0 0.7602288924466047 0.2833207975590719 0.029082878024551208 0.0909567914922302
0 0.7875483832103407 0.28350139475271413 0.044967205941483894 0.1195014073180539
0 0.27894771562123044 0.28108884951749097 0.022919179734620033 0.07478890229191792
0 0.3253288977683957 0.2804253995778046 0.022919179734619988 0.0641737032569361
1 0.7553047723160436 0.2839235901688782 0.286851628468034 0.11688781664656211
0 0.3013840536968708 0.28396208431994524 0.02050663449939685 0.06190116574597489
1 0.2354878433738002 0.2956984826578561 0.04946920573196243 0.07493978709789047
0 0.2045249219207205 0.29812592429892876 0.03128810657000552 0.08702622187354443
